((("color-theme" .
   [0 0 0 0 0 0 1 0 0 0 0])
  (":load" .
   [1 0 0 0 0])
  ("org-mode" .
   [1 0 0 0 0 0 0 0])
  (":name" .
   [6 0 0 0 0])
  ("100" .
   [1 0 0])
  ("magit-status" .
   [0 0 0 0 0 1 0 0 0 0 0 0])
  ("p" .
   [1])
  ("rinari" .
   [2 0 0 0 0 0])
  ("test" .
   [1 0 0 0])
  ("yasnippet" .
   [1 0 0 0 0 0 0 0 0])
  ("worklog" .
   [2 0 0 0 0 0 0])
  (":after" .
   [2 0 0 0 0 0])
  ("lambda" .
   [2 0 0 0 0 0])
  ("rhtml-mode-hook" .
   [0 0 0 0 0 1 0 0 0 0 0 0 0 0 0])
  ("yaml-mode" .
   [1 0 0 0 0 0 1 0 0])
  ("idle-highlight" .
   [0 0 0 0 0 1 0 0 0 0 0 0 0 0])
  (":type" .
   [3 0 0 0 0])
  ("elpa" .
   [3 0 0 0])))
